1000
0.21265925 0.02121448
0.08920761 0.52240144
0.43888626 0.57085183
0.41417614 0.67793885
0.20461493 0.63070199
0.10958125 0.01259513
0.65031084 0.58534657
0.71141433 0.49025003
0.73701993 0.16341034
0.37372937 0.29982263
0.71034522 0.32580330
0.81564289 0.82164009
0.10017823 0.02758870
0.48657036 0.15610348
0.34540493 0.80768495
0.47592942 0.49800760
0.82490624 0.18280709
0.80755060 0.31035144
0.29129887 0.90540394
0.78014319 0.52379816
0.19807997 0.42653987
0.75874999 0.45844448
0.92305547 0.97688236
0.18623361 0.18592996
0.08809557 0.42236009
0.33945488 0.98340945
0.16890667 0.44680505
0.58405582 0.87798813
0.11719003 0.93601721
0.87642524 0.36408133
0.07254911 0.44182233
0.34702378 0.44252323
0.82274841 0.84151845
0.40956403 0.93463861
0.34607768 0.17500182
0.30168267 0.38412942
0.85719949 0.26979517
0.12915029 0.81550283
0.18258844 0.90882171
0.71056552 0.77638412
0.07041763 0.74458896
0.57547142 0.49502677
0.85322970 0.07348485
0.68118579 0.15133534
0.51209234 0.57734004
0.65892084 0.54622954
0.90821688 0.63545442
0.60480780 0.28261741
0.15920471 0.37304493
0.73770377 0.37457073
0.28840374 0.99802550
0.23696434 0.06215077
0.35562767 0.70520961
0.66411116 0.45886953
0.72998534 0.49321515
0.78737402 0.19630658
0.93031700 0.02509358
0.32582334 0.55025317
0.99811345 0.47436567
0.51456735 0.79085176
0.53297416 0.86490608
0.32500461 0.65335501
0.09426628 0.58330117
0.06425875 0.82016517
0.45288390 0.20025112
0.61553964 0.33376138
0.57347792 0.52361258
0.30933718 0.06592446
0.42969146 0.61549753
0.88098729 0.52449574
0.31458649 0.92955600
0.29735641 0.64328689
0.96030278 0.66643691
0.20292364 0.62355641
0.46304624 0.71182270
0.34494386 0.04672172
0.00071187 0.72452152
0.43866552 0.40192484
0.07664647 0.94278099
0.24974867 0.42760058
0.98999710 0.26985835
0.53215907 0.00691490
0.48461720 0.15516917
0.37103279 0.24279782
0.57891025 0.93894383
0.72307980 0.70955343
0.37229928 0.30799486
0.74543047 0.71497388
0.19577036 0.27686645
0.81829649 0.40369868
0.49168437 0.49665705
0.59829786 0.56132333
0.58429736 0.55466484
0.21492316 0.64353694
0.46985107 0.14726064
0.16011758 0.61871165
0.65675668 0.94745644
0.16680920 0.16586917
0.72634502 0.90125118
0.55280811 0.35975989
0.76973722 0.67848627
0.29305967 0.35778975
0.74210928 0.68435214
0.25771916 0.11793580
0.97873002 0.96830948
0.28626910 0.94953381
0.36674108 0.97859570
0.25315700 0.33395219
0.35342993 0.95698672
0.13918304 0.58609755
0.55904774 0.12298363
0.48408399 0.86211584
0.18695085 0.44194482
0.93112647 0.51241327
0.47640959 0.14313103
0.27838099 0.36284581
0.80837759 0.86563854
0.85529327 0.25689352
0.04646025 0.11331182
0.24117496 0.08002597
0.34006413 0.44172455
0.97469652 0.95148567
0.72483985 0.12838394
0.87050715 0.18241553
0.52133175 0.82557097
0.38540334 0.01917364
0.06092335 0.06057016
0.39421873 0.15057270
0.11020086 0.22695737
0.77095155 0.66736224
0.10557696 0.98073006
0.23861112 0.02989176
0.82102819 0.67465213
0.13290321 0.27087266
0.95250852 0.63441796
0.74273766 0.39451430
0.52390907 0.59516214
0.58658554 0.03663224
0.98118807 0.15932149
0.78103615 0.36508194
0.05420839 0.09269068
0.07040587 0.49948114
0.85407425 0.80648164
0.88334520 0.63187672
0.74878538 0.33848934
0.89685716 0.84520573
0.87010127 0.29462334
0.88913889 0.80828682
0.81655130 0.04307433
0.53975273 0.86041574
0.05143457 0.89769367
0.24659827 0.10531478
0.74470600 0.05201002
0.69708236 0.69946519
0.00488560 0.89794264
0.99145640 0.30040655
0.28035779 0.66840239
0.90199052 0.17331100
0.84468135 0.39920093
0.32697933 0.62791744
0.93836776 0.66252873
0.92777836 0.23957598
0.44281436 0.60680156
0.07072931 0.56219835
0.73202782 0.32664960
0.65021319 0.24453612
0.22021862 0.21662558
0.46062754 0.02611381
0.36585672 0.77625527
0.34207479 0.83248378
0.81244634 0.00734610
0.39897487 0.83368223
0.09276684 0.83040393
0.95963253 0.77694155
0.81038300 0.96326637
0.70496252 0.20825357
0.24861367 0.91981873
0.06420659 0.65912356
0.60418203 0.52842115
0.94232745 0.44475609
0.82719118 0.11238520
0.33569882 0.92110875
0.91021743 0.56611078
0.45362266 0.68721518
0.76605401 0.10809015
0.96595106 0.64181237
0.94228664 0.16221748
0.34021298 0.01764016
0.45178587 0.46944241
0.89120909 0.24937186
0.79477406 0.56094013
0.82729663 0.28683248
0.60949814 0.29479284
0.59676634 0.98968572
0.19984444 0.72750695
0.91645332 0.17757592
0.55405741 0.82299518
0.83327465 0.45433944
0.00468191 0.16824480
0.59597285 0.60336586
0.15308352 0.47492889
0.95204653 0.85637407
0.17447726 0.25673508
0.54926599 0.45528153
0.55772495 0.49511792
0.82423131 0.75674737
0.13616424 0.43502697
0.74014006 0.50450899
0.17864145 0.12013728
0.84323688 0.43722469
0.43730433 0.27936235
0.44044596 0.52158519
0.39029083 0.05975869
0.72836822 0.20401350
0.77917196 0.49298651
0.49407926 0.32617098
0.33638799 0.65704702
0.68732745 0.58080870
0.74947925 0.26539415
0.49014423 0.59623169
0.46556845 0.28727649
0.72186535 0.03608138
0.31340253 0.11508225
0.63996928 0.00064585
0.17264196 0.18898957
0.88084428 0.70943029
0.64764161 0.10326762
0.56178182 0.50306799
0.19661010 0.12101478
0.12553184 0.40203445
0.01536968 0.75842497
0.57008848 0.26656540
0.72184740 0.11894086
0.91165132 0.18470054
0.05011993 0.98649133
0.18061775 0.09301092
0.14679453 0.93472827
0.11984852 0.90949350
0.49167124 0.44972044
0.63066466 0.53170400
0.03564885 0.27829955
0.77917938 0.14306879
0.26747084 0.93168990
0.30889598 0.20430039
0.35921162 0.24155212
0.64270706 0.98784219
0.30141413 0.25398509
0.15544745 0.06973842
0.08235697 0.64606323
0.63642742 0.10097594
0.19924362 0.61198946
0.30178966 0.83642868
0.38349324 0.47929803
0.15279089 0.96691648
0.18304423 0.47755200
0.21639767 0.56803333
0.21032793 0.65263346
0.82562676 0.49400000
0.58298564 0.51496957
0.58099875 0.72893123
0.81901043 0.68247616
0.97153894 0.99159752
0.21361070 0.95429145
0.08425961 0.46880570
0.37579737 0.30820999
0.29553666 0.99544514
0.67100731 0.63851808
0.08383096 0.38786804
0.15399646 0.66917786
0.47968050 0.75346819
0.75449892 0.49072211
0.52238266 0.69342768
0.77224333 0.76220926
0.31153353 0.17537776
0.88515339 0.07698869
0.68772798 0.64410242
0.66483926 0.81787904
0.48368563 0.09010535
0.29691985 0.93424153
0.35790516 0.07068473
0.59253059 0.74622700
0.48776225 0.85573556
0.96034235 0.31068518
0.99722459 0.39275398
0.45675498 0.31184009
0.23062109 0.35174741
0.81241403 0.19857555
0.64278599 0.06001367
0.40622368 0.34708104
0.24375090 0.28094147
0.22541836 0.26973898
0.99659916 0.60898496
0.59295954 0.91899522
0.62826517 0.24884111
0.92464240 0.25219680
0.31563044 0.76309419
0.36667910 0.40486758
0.15294883 0.81898740
0.68899330 0.31709311
0.08657888 0.89400901
0.08040566 0.22282785
0.91214791 0.41579597
0.40150420 0.70046037
0.11544585 0.00356707
0.86198185 0.46694923
0.18298277 0.08428217
0.07239446 0.77490829
0.81311416 0.13350837
0.76893113 0.53824550
0.63646544 0.24830909
0.26777774 0.10324620
0.15857552 0.05896969
0.54240689 0.43141556
0.97897232 0.13694569
0.28932839 0.92810529
0.40076052 0.01957240
0.47214912 0.79047014
0.06514137 0.56093418
0.32745811 0.25962300
0.09055872 0.01965950
0.94897478 0.78156156
0.03497133 0.87970489
0.02098342 0.02858123
0.53669368 0.60680134
0.00311813 0.90216629
0.71509309 0.83642784
0.66664770 0.89967197
0.41923125 0.77183593
0.21363247 0.50347030
0.09623952 0.79203961
0.88657449 0.73673851
0.58655564 0.79804738
0.97597580 0.27490351
0.81347694 0.00958911
0.95039338 0.84509505
0.77731339 0.98590940
0.38230076 0.01740830
0.84072287 0.43982804
0.45544796 0.01014448
0.71651163 0.24944497
0.30065576 0.75527825
0.45570998 0.38992249
0.71823079 0.43763592
0.18474161 0.76781961
0.36953562 0.95948041
0.46839887 0.91719212
0.97125931 0.52382211
0.04199002 0.20126955
0.02626563 0.15969894
0.99901273 0.61563314
0.68295150 0.89320570
0.11606072 0.23676455
0.53920876 0.63753437
0.07398528 0.67349926
0.32747068 0.92358792
0.68511503 0.21425615
0.27864277 0.01784983
0.47705059 0.34213892
0.06672360 0.54525077
0.47861423 0.71293916
0.99938539 0.41217765
0.05147574 0.30733016
0.70108587 0.51844862
0.21400618 0.96248255
0.99538306 0.06348857
0.85414493 0.99708050
0.22659023 0.62355016
0.63761616 0.47072490
0.24571088 0.97498313
0.52413895 0.41251827
0.25804664 0.50129239
0.74217484 0.14731730
0.42493793 0.39385373
0.72087726 0.64759533
0.96394388 0.47974345
0.53199416 0.66603524
0.80344132 0.71865457
0.11821943 0.65372344
0.51502979 0.23010851
0.04085303 0.84338357
0.31871452 0.11159742
0.94590685 0.18163144
0.98907382 0.77374056
0.88797769 0.15262189
0.35209687 0.28368875
0.53411018 0.40246689
0.37422600 0.33926644
0.57258701 0.97032664
0.20807457 0.24378594
0.79219515 0.21051821
0.15087386 0.79262643
0.86709268 0.53091985
0.91760074 0.05216221
0.27778585 0.97595191
0.95676623 0.34743805
0.85158995 0.38464111
0.35985414 0.62954697
0.77870765 0.75800413
0.58265384 0.13142402
0.16834508 0.16458751
0.17925226 0.37522211
0.28761583 0.35833865
0.36230846 0.85016285
0.78840416 0.77848868
0.00400542 0.43097196
0.73331175 0.07463526
0.32088535 0.02264128
0.69011112 0.06292253
0.74435792 0.96980672
0.52795355 0.96811950
0.19774925 0.01533533
0.51761189 0.58945524
0.81025605 0.58615672
0.78964633 0.00842439
0.99401460 0.08835268
0.21743863 0.81528111
0.74460379 0.33718794
0.60845988 0.67252675
0.23351883 0.08405402
0.57991532 0.34518687
0.78109202 0.84829299
0.93356691 0.35406842
0.72813434 0.02137667
0.11361471 0.87061683
0.39178944 0.38523481
0.67603578 0.69805929
0.98896013 0.20707246
0.16833941 0.87010452
0.41784574 0.12327880
0.11460506 0.76174329
0.45715663 0.90677767
0.08373986 0.68892281
0.19591328 0.91230955
0.23294849 0.02171956
0.85208302 0.01578224
0.09705743 0.75276141
0.01792056 0.30448329
0.25854295 0.14029639
0.03913608 0.39798472
0.43798289 0.01119397
0.64124826 0.66303433
0.47345732 0.07751641
0.43469644 0.93207082
0.14825557 0.75675924
0.13962207 0.12729435
0.25874011 0.17205998
0.62368585 0.27421430
0.40292387 0.38198735
0.52854283 0.73295321
0.91269179 0.15656550
0.65539010 0.95831143
0.83526087 0.04948915
0.10209476 0.17664308
0.73202868 0.20215898
0.22578429 0.01735837
0.86109426 0.54811012
0.50157340 0.06546992
0.53651568 0.00317114
0.42480406 0.54203248
0.13163553 0.71273569
0.57212249 0.02258472
0.45860225 0.46718436
0.04079246 0.57513850
0.82968999 0.38618493
0.40139287 0.91359305
0.42302103 0.33286512
0.84904650 0.90450846
0.07887378 0.98541286
0.26346141 0.49935513
0.22550105 0.27928876
0.84610294 0.84185645
0.62242194 0.55213212
0.81490712 0.82197175
0.30974416 0.95157593
0.35713184 0.06714041
0.84389980 0.42025602
0.09920763 0.24047121
0.09012748 0.05288362
0.26745187 0.02503046
0.12770939 0.78226862
0.20984964 0.08232782
0.96035750 0.30383229
0.78933949 0.62932488
0.34100419 0.96215100
0.30231180 0.62534177
0.39835319 0.75611576
0.10345340 0.93760524
0.89876717 0.37827936
0.77139414 0.19646949
0.32089854 0.13457965
0.05577325 0.04244528
0.85530509 0.38472176
0.47222133 0.71143598
0.91222523 0.29392755
0.88430683 0.25575132
0.61248476 0.36114158
0.04154638 0.02799662
0.29475050 0.24114452
0.19223963 0.56595901
0.05808728 0.58511984
0.00747885 0.45459703
0.68545892 0.75316955
0.85667952 0.50091473
0.44727924 0.96659268
0.37273132 0.80502582
0.30179096 0.14758107
0.96665957 0.77405778
0.12687962 0.76778910
0.75939029 0.98591307
0.51774234 0.35204384
0.81491688 0.04995709
0.78689342 0.66373114
0.18611459 0.33913394
0.63067036 0.39268913
0.75598075 0.98555953
0.18330014 0.84688962
0.13742433 0.67815754
0.99851292 0.01117832
0.84588158 0.86672927
0.48656026 0.14284696
0.57589307 0.58996273
0.94238892 0.21700403
0.80386134 0.93424510
0.78732320 0.72204628
0.55611264 0.75279437
0.48407286 0.51553046
0.26546680 0.41284983
0.84334719 0.36609510
0.65486801 0.77244725
0.82565926 0.19561431
0.30870534 0.02747160
0.46531265 0.35730320
0.39749338 0.95417177
0.48660395 0.53860061
0.27684509 0.13991236
0.63472797 0.00150548
0.00946593 0.34435385
0.25246990 0.51979207
0.72967069 0.57677489
0.55479578 0.92528429
0.31091830 0.12075673
0.86889413 0.73042419
0.03473500 0.22784510
0.87652964 0.66965754
0.67388511 0.14056810
0.79725359 0.36513103
0.22498508 0.83162801
0.80655921 0.36792212
0.43827988 0.22832550
0.72498406 0.35106153
0.00033441 0.66424060
0.77005359 0.46865951
0.34599285 0.51656440
0.16688550 0.90499406
0.57465475 0.83993803
0.62905104 0.88750319
0.31066595 0.97067515
0.56251719 0.90519914
0.35949454 0.74261790
0.00045781 0.02223705
0.21306446 0.54103169
0.09801916 0.86290975
0.90930578 0.65567754
0.84084887 0.55831652
0.35963598 0.35733171
0.88242027 0.06746743
0.30344577 0.46264648
0.65761910 0.18007867
0.91892334 0.51237322
0.15524260 0.21957152
0.75442946 0.49944186
0.27370569 0.08564137
0.63681108 0.18742263
0.75203426 0.37477084
0.53024869 0.56368415
0.29100531 0.28536388
0.09311314 0.62489408
0.10669063 0.72338492
0.05884429 0.46976027
0.81905111 0.98599033
0.95647621 0.05659149
0.73985395 0.19947918
0.62915418 0.01439837
0.39766310 0.08504817
0.00702452 0.57440044
0.15830252 0.56128694
0.85288300 0.14765717
0.07385114 0.03359317
0.53634783 0.25056870
0.09404675 0.56153426
0.00993499 0.05569385
0.07397624 0.78823107
0.48497569 0.53154765
0.80684466 0.72583301
0.16429092 0.23131969
0.62661257 0.64745798
0.21138257 0.98842395
0.45220101 0.87982393
0.15486783 0.45220745
0.79025797 0.99270759
0.75360725 0.35491545
0.72040098 0.63646090
0.65847922 0.13172371
0.94177137 0.95729885
0.75034886 0.76511734
0.04578368 0.20576046
0.86411081 0.88119284
0.01035446 0.26177892
0.38781614 0.12696573
0.29136707 0.45963272
0.43770783 0.12861734
0.36774983 0.13747452
0.82029312 0.36574883
0.83237458 0.72868685
0.41363792 0.21911903
0.24163328 0.38217671
0.87512694 0.65870880
0.36866532 0.42873846
0.84240955 0.12545671
0.02866353 0.75237525
0.69893617 0.84648916
0.93119995 0.11911460
0.71928057 0.24772215
0.77657358 0.60948835
0.10627188 0.09887315
0.40964593 0.10402660
0.84609340 0.06309445
0.10396162 0.67539999
0.29889021 0.30226196
0.17438825 0.54338150
0.26959426 0.01230012
0.78915392 0.86856687
0.72237664 0.62626466
0.07778286 0.84844552
0.91978851 0.57666058
0.77952877 0.23412305
0.60133610 0.31399477
0.65400028 0.34733726
0.42367857 0.11265693
0.66723044 0.93483552
0.20713202 0.45863164
0.09696035 0.77029954
0.30015246 0.96769364
0.13462768 0.33748061
0.63238945 0.20638953
0.07866977 0.02770643
0.28306456 0.09741646
0.71337896 0.50510986
0.49778726 0.30293045
0.25566612 0.06971834
0.44762687 0.23594451
0.40491217 0.37470618
0.51341599 0.35625366
0.04017195 0.12933325
0.94629999 0.52407913
0.70464659 0.09264104
0.32414064 0.51304690
0.10636689 0.69553625
0.04404483 0.59414220
0.99858890 0.42852852
0.62887720 0.37874716
0.12296235 0.25441696
0.55468960 0.00298605
0.63866659 0.64918082
0.41840541 0.70120352
0.28559179 0.77066132
0.38441287 0.82516566
0.03971886 0.04853774
0.35280519 0.17342985
0.70702188 0.75915597
0.57636726 0.08974624
0.34598707 0.13696141
0.77274238 0.49773401
0.90977745 0.21236740
0.42742527 0.07554394
0.05313191 0.76384078
0.43509649 0.50462396
0.26323791 0.01638364
0.65350390 0.19751521
0.45829797 0.46487354
0.78763286 0.01577995
0.03388285 0.92960843
0.93203863 0.35776516
0.89968284 0.29906583
0.65923273 0.78591750
0.19806217 0.20199811
0.74340106 0.97050084
0.51264341 0.00965197
0.63474189 0.37346577
0.77541209 0.53480204
0.76640085 0.14709656
0.38996996 0.42963407
0.70840730 0.70194927
0.47001107 0.76192362
0.76034318 0.91921494
0.37616455 0.07845315
0.22489108 0.08996935
0.78193444 0.95175458
0.47790197 0.69955317
0.26747769 0.41309972
0.74435855 0.37197371
0.35644852 0.29037941
0.89309030 0.00700821
0.02292672 0.63119684
0.43462101 0.02636642
0.51434978 0.25063218
0.60576462 0.57272303
0.12829461 0.97220791
0.11769834 0.34555935
0.63510842 0.27423995
0.55749630 0.51698927
0.59847974 0.98786929
0.85265845 0.13173199
0.89348019 0.06308122
0.49743652 0.42746963
0.30653270 0.68695889
0.05743731 0.77358870
0.23979788 0.52340938
0.76266218 0.78018741
0.08208118 0.34588123
0.89754544 0.22199075
0.41466584 0.77762805
0.67172611 0.82965689
0.09414751 0.20809102
0.62006319 0.55875236
0.17887248 0.31270182
0.31926216 0.03091787
0.29756547 0.61849606
0.24163840 0.52999177
0.09399990 0.17348557
0.01440764 0.57361176
0.72379628 0.85431410
0.71034471 0.36014534
0.83137373 0.46466947
0.51280126 0.88941072
0.19296861 0.38786254
0.08399980 0.04355750
0.51563961 0.79710954
0.72680778 0.60645607
0.86879782 0.10400899
0.32277603 0.58116144
0.75922389 0.24053237
0.18342938 0.72470754
0.50713456 0.31344857
0.09124518 0.75795803
0.63447541 0.68374970
0.31521686 0.51220746
0.15430768 0.02602253
0.73477519 0.98673639
0.20922401 0.17174053
0.14932958 0.68706376
0.13375435 0.82157846
0.56879044 0.83447725
0.76724194 0.22720430
0.31673304 0.02471537
0.76054246 0.48883213
0.48046857 0.98104299
0.01153412 0.49559792
0.51513640 0.63964204
0.82675293 0.15403036
0.25366862 0.92594580
0.90783028 0.34051265
0.86174811 0.80335649
0.05326906 0.08278743
0.81760248 0.61242928
0.77152075 0.74126541
0.47684924 0.46568376
0.05774796 0.45462156
0.75833784 0.08696845
0.28567344 0.47105212
0.75077777 0.17206186
0.55622227 0.78963982
0.02556632 0.77854841
0.57567457 0.76022506
0.34423924 0.97242224
0.08474721 0.06190056
0.12404525 0.06802083
0.67005229 0.49881097
0.16617660 0.24931814
0.73831273 0.09417621
0.78493773 0.93689300
0.07505790 0.59505972
0.74141197 0.93120104
0.78880957 0.45020471
0.93798186 0.53644025
0.92406265 0.39047209
0.66369367 0.26642104
0.99067963 0.95993270
0.08204233 0.98629011
0.32575669 0.15696489
0.01817614 0.09167720
0.71430055 0.43723076
0.22024538 0.34854074
0.11893250 0.12826459
0.35651229 0.23069126
0.61719843 0.12393440
0.65728057 0.55348007
0.21042463 0.53016853
0.34883797 0.54762594
0.03308949 0.06867903
0.04398321 0.52326703
0.98141228 0.46563728
0.72637104 0.40105086
0.28299300 0.46313366
0.95798165 0.12570446
0.87855428 0.55857487
0.55388664 0.69926723
0.12560916 0.75655658
0.29879361 0.28598718
0.81600191 0.37180775
0.59347149 0.04400373
0.49012459 0.27607429
0.60788936 0.01425096
0.06475982 0.88813513
0.62760514 0.21056774
0.18226108 0.97793227
0.78564288 0.06474314
0.80028458 0.00206412
0.71175964 0.04932194
0.13294611 0.50850219
0.32347068 0.10547736
0.96474359 0.41916117
0.08460926 0.59633394
0.49098363 0.00377497
0.61289945 0.48634272
0.75262091 0.29158968
0.98569046 0.76629556
0.81995089 0.88514412
0.24987040 0.98437704
0.03076233 0.38983559
0.58700946 0.05983544
0.25312668 0.15781068
0.80781914 0.98256290
0.25805064 0.23422813
0.84064328 0.63652238
0.17766601 0.75978022
0.93501927 0.50527470
0.79439830 0.06933944
0.12042598 0.07748395
0.70179853 0.09086448
0.70483047 0.23989523
0.70593455 0.58665660
0.28542661 0.59686129
0.66897059 0.94693441
0.97900065 0.97448585
0.77804768 0.99868386
0.73213291 0.70872966
0.03326354 0.27116796
0.91915919 0.50305408
0.32588019 0.29688868
0.33193184 0.32133945
0.76487761 0.28172971
0.41850266 0.99380756
0.52448876 0.51923412
0.58484484 0.25929443
0.96524131 0.31442422
0.59034623 0.04836789
0.52526110 0.58373364
0.15499258 0.96595055
0.46041951 0.03938454
0.89576976 0.16672304
0.47785144 0.45919396
0.54504251 0.88011937
0.40831583 0.47900413
0.01592585 0.29910931
0.14516435 0.39970508
0.62093814 0.52717062
0.60496377 0.59827242
0.49790571 0.27957984
0.53315664 0.20962563
0.11324409 0.66125240
0.88249469 0.34606329
0.00180319 0.66597196
0.90001349 0.32290218
0.37058504 0.90830471
0.84333062 0.81271011
0.09161747 0.50881547
0.05523287 0.63825755
0.52701588 0.21626945
0.92089275 0.32934767
0.19479191 0.19143648
0.50234401 0.41060007
0.80576136 0.20776879
0.73474219 0.93772105
0.44748488 0.37542550
0.86920416 0.89653267
0.15762956 0.58229384
0.79061837 0.41668074
0.95126996 0.90682029
0.88550006 0.15644350
0.52239533 0.00573991
0.24718410 0.54381186
0.59615123 0.13109148
0.16653804 0.62322998
0.94093837 0.85348161
0.26089240 0.63622162
0.53239531 0.17916455
0.93017311 0.83380752
0.76510755 0.58972499
0.35502317 0.05334842
0.35901538 0.94103923
0.36886887 0.73514693
0.25898472 0.93733924
0.72905447 0.09164415
0.37256353 0.36428877
0.04099699 0.03953031
0.96286206 0.04347056
0.24848684 0.76488897
0.41434934 0.34230455
0.37129889 0.01632278
0.20398346 0.94171695
0.15296812 0.29755751
0.17613930 0.71879458
0.44548707 0.82393278
0.97797380 0.32074763
0.70313433 0.95283666
0.86512872 0.98526485
0.84067790 0.94761842
0.44858349 0.59994981
0.44689967 0.43402218
0.67042574 0.17574176
0.15683434 0.57702477
0.54449594 0.56368191
0.05949262 0.39281666
0.71898751 0.31759250
0.02626507 0.68524496
0.01743629 0.88543718
0.68644894 0.97720687
0.40791511 0.02140909
0.35403967 0.89364543
0.08227109 0.50102521
0.45073930 0.72947205
0.59257275 0.47903928
0.46906758 0.51461611
0.55759504 0.47966591
0.99320787 0.32379320
0.40328240 0.59323606
0.16366045 0.20440250
0.86541719 0.81002432
0.41544841 0.08654104
0.55939332 0.35219721
0.48936736 0.91533089
0.67208723 0.06043910
0.00504456 0.27677162
0.25579845 0.76129108
0.16763602 0.83906153
0.54836889 0.41381867
0.83472254 0.21659899
0.43125070 0.61817281
0.66041080 0.84884095
0.06871112 0.44415549
0.86921045 0.00677173
0.50847854 0.50799598
0.42220509 0.45723121
0.06790147 0.33661260
0.15484767 0.52770342
0.44544032 0.55286423
0.78986568 0.61073125
0.94984408 0.81621127
0.05081030 0.86800592
0.43964911 0.44221044
0.10984050 0.95949877
0.37110359 0.31166341
0.72429645 0.72479266
0.23477960 0.25060343
0.31167687 0.55262627
0.06493060 0.02620665
0.15355276 0.37211146
0.07278142 0.95592428
0.86520399 0.51224555
0.27519876 0.40386589
0.86632182 0.38818075
0.20053571 0.59639661
0.89699438 0.29510137
0.25632838 0.46027916
0.24955810 0.28602045
0.01493802 0.51214891
0.90020993 0.08163911
0.66353686 0.34134867
0.58785289 0.02495832
0.26423455 0.18132486
0.84371406 0.68751864
0.32257825 0.62704501
0.07030425 0.47884913
0.67959363 0.70834303
0.54444888 0.57378976
0.45626796 0.44891292
0.65493920 0.08867535
0.09917859 0.02903890
0.31349987 0.43645404
0.75380943 0.66937299
0.81388730 0.34230660
0.38110948 0.46013240
0.89608706 0.92186044
0.28740688 0.70372274
0.95628524 0.39209164
0.34206328 0.79850859
0.14387271 0.73491472
0.64413711 0.31120613
0.65348053 0.60655649
